0.314159 3.703704
0.942478 3.703704
1.570796 3.703704
2.199115 3.703704
2.827433 3.703704
3.455752 3.703704
4.084070 3.703704
4.712389 3.703704
5.340708 3.703704
5.969026 3.703704
0.628319 7.407407
1.256637 7.407407
1.884956 7.407407
2.513274 7.407407
3.141593 7.407407
3.769911 7.407407
4.398230 7.407407
5.026548 7.407407
5.654867 7.407407
6.283185 7.407407
0.628319 14.814815
1.256637 14.814815
1.884956 14.814815
2.513274 14.814815
3.141593 14.814815
3.769911 14.814815
4.398230 14.814815
5.026548 14.814815
5.654867 14.814815
6.283185 14.814815
0.314159 18.518519
0.942478 18.518519
1.570796 18.518519
2.199115 18.518519
2.827433 18.518519
3.455752 18.518519
4.084070 18.518519
4.712389 18.518519
5.340708 18.518519
5.969026 18.518519
0.314159 25.925926
0.942478 25.925926
1.570796 25.925926
2.199115 25.925926
2.827433 25.925926
3.455752 25.925926
4.084070 25.925926
4.712389 25.925926
5.340708 25.925926
5.969026 25.925926
0.628319 29.629630
1.256637 29.629630
1.884956 29.629630
2.513274 29.629630
3.141593 29.629630
3.769911 29.629630
4.398230 29.629630
5.026548 29.629630
5.654867 29.629630
6.283185 29.629630
0.628319 37.037037
1.256637 37.037037
1.884956 37.037037
2.513274 37.037037
3.141593 37.037037
3.769911 37.037037
4.398230 37.037037
5.026548 37.037037
5.654867 37.037037
6.283185 37.037037
0.314159 40.740741
0.942478 40.740741
1.570796 40.740741
2.199115 40.740741
2.827433 40.740741
3.455752 40.740741
4.084070 40.740741
4.712389 40.740741
5.340708 40.740741
5.969026 40.740741
0.314159 48.148148
0.942478 48.148148
1.570796 48.148148
2.199115 48.148148
2.827433 48.148148
3.455752 48.148148
4.084070 48.148148
4.712389 48.148148
5.340708 48.148148
5.969026 48.148148
0.628319 51.851852
1.256637 51.851852
1.884956 51.851852
2.513274 51.851852
3.141593 51.851852
3.769911 51.851852
4.398230 51.851852
5.026548 51.851852
5.654867 51.851852
6.283185 51.851852
0.628319 59.259259
1.256637 59.259259
1.884956 59.259259
2.513274 59.259259
3.141593 59.259259
3.769911 59.259259
4.398230 59.259259
5.026548 59.259259
5.654867 59.259259
6.283185 59.259259
0.314159 62.962963
0.942478 62.962963
1.570796 62.962963
2.199115 62.962963
2.827433 62.962963
3.455752 62.962963
4.084070 62.962963
4.712389 62.962963
5.340708 62.962963
5.969026 62.962963
0.314159 70.370370
0.942478 70.370370
1.570796 70.370370
2.199115 70.370370
2.827433 70.370370
3.455752 70.370370
4.084070 70.370370
4.712389 70.370370
5.340708 70.370370
5.969026 70.370370
0.628319 74.074074
1.256637 74.074074
1.884956 74.074074
2.513274 74.074074
3.141593 74.074074
3.769911 74.074074
4.398230 74.074074
5.026548 74.074074
5.654867 74.074074
6.283185 74.074074
0.628319 81.481481
1.256637 81.481481
1.884956 81.481481
2.513274 81.481481
3.141593 81.481481
3.769911 81.481481
4.398230 81.481481
5.026548 81.481481
5.654867 81.481481
6.283185 81.481481
0.314159 85.185185
0.942478 85.185185
1.570796 85.185185
2.199115 85.185185
2.827433 85.185185
3.455752 85.185185
4.084070 85.185185
4.712389 85.185185
5.340708 85.185185
5.969026 85.185185
0.314159 92.592593
0.942478 92.592593
1.570796 92.592593
2.199115 92.592593
2.827433 92.592593
3.455752 92.592593
4.084070 92.592593
4.712389 92.592593
5.340708 92.592593
5.969026 92.592593
0.628319 96.296296
1.256637 96.296296
1.884956 96.296296
2.513274 96.296296
3.141593 96.296296
3.769911 96.296296
4.398230 96.296296
5.026548 96.296296
5.654867 96.296296
6.283185 96.296296
