0.000000 0.000000
0.628319 0.000000
1.256637 0.000000
1.884956 0.000000
2.513274 0.000000
3.141593 0.000000
3.769911 0.000000
4.398230 0.000000
5.026548 0.000000
5.654867 0.000000
0.314159 11.111111
0.942478 11.111111
1.570796 11.111111
2.199115 11.111111
2.827433 11.111111
3.455752 11.111111
4.084070 11.111111
4.712389 11.111111
5.340708 11.111111
5.969026 11.111111
0.000000 22.222222
0.628319 22.222222
1.256637 22.222222
1.884956 22.222222
2.513274 22.222222
3.141593 22.222222
3.769911 22.222222
4.398230 22.222222
5.026548 22.222222
5.654867 22.222222
0.314159 33.333333
0.942478 33.333333
1.570796 33.333333
2.199115 33.333333
2.827433 33.333333
3.455752 33.333333
4.084070 33.333333
4.712389 33.333333
5.340708 33.333333
5.969026 33.333333
0.000000 44.444444
0.628319 44.444444
1.256637 44.444444
1.884956 44.444444
2.513274 44.444444
3.141593 44.444444
3.769911 44.444444
4.398230 44.444444
5.026548 44.444444
5.654867 44.444444
0.314159 55.555556
0.942478 55.555556
1.570796 55.555556
2.199115 55.555556
2.827433 55.555556
3.455752 55.555556
4.084070 55.555556
4.712389 55.555556
5.340708 55.555556
5.969026 55.555556
0.000000 66.666667
0.628319 66.666667
1.256637 66.666667
1.884956 66.666667
2.513274 66.666667
3.141593 66.666667
3.769911 66.666667
4.398230 66.666667
5.026548 66.666667
5.654867 66.666667
0.314159 77.777778
0.942478 77.777778
1.570796 77.777778
2.199115 77.777778
2.827433 77.777778
3.455752 77.777778
4.084070 77.777778
4.712389 77.777778
5.340708 77.777778
5.969026 77.777778
0.000000 88.888889
0.628319 88.888889
1.256637 88.888889
1.884956 88.888889
2.513274 88.888889
3.141593 88.888889
3.769911 88.888889
4.398230 88.888889
5.026548 88.888889
5.654867 88.888889
0.314159 100.000000
0.942478 100.000000
1.570796 100.000000
2.199115 100.000000
2.827433 100.000000
3.455752 100.000000
4.084070 100.000000
4.712389 100.000000
5.340708 100.000000
5.969026 100.000000
