Dataset0 20 20 10 1
Dataset1 20 20 10 2
Dataset2 20 20 10 4
Dataset3 20 20 10 8
Dataset4 20 20 10 16
Dataset5 20 20 10 32
Dataset6 20 20 10 64
Dataset7 20 20 10 128
Dataset8 20 20 10 256
Dataset9 20 20 10 512
Dataset10 20 20 10 1024
Dataset11 20 20 10 2048
Dataset12 20 20 10 4096
Dataset13 20 20 10 8192
Dataset14 20 20 10 16384
Dataset15 20 20 10 32768
Dataset16 20 20 10 65536
Dataset17 20 20 10 131072
Dataset18 20 20 10 262144
Dataset19 20 20 10 524288
Dataset20 20 20 10 1048576
Dataset21 20 20 10 2097152
Dataset22 20 20 10 4194304
Dataset23 20 20 10 8388608
Dataset24 20 20 10 16777216
Dataset25 20 20 10 33554432
Dataset26 20 20 10 67108864
Dataset27 20 20 10 134217728
Dataset28 20 20 10 268435456
Dataset29 20 20 10 536870912
