0.000000 0.000000 0.000000
0.058824 0.000000 0.000000
0.176471 0.000000 0.000000
0.294118 0.000000 0.000000
0.411765 0.000000 0.000000
0.529412 0.000000 0.000000
0.647059 0.000000 0.000000
0.764706 0.000000 0.000000
0.882353 0.000000 0.000000
1.000000 0.000000 0.000000
0.000000 0.111111 0.000000
0.117647 0.111111 0.001726
0.235294 0.111111 0.002731
0.352941 0.111111 0.003296
0.470588 0.111111 0.003525
0.588235 0.111111 0.003450
0.705882 0.111111 0.003061
0.823529 0.111111 0.002296
0.941176 0.111111 0.000995
1.000000 0.111111 0.000000
0.000000 0.222222 0.000000
0.058824 0.222222 0.001552
0.176471 0.222222 0.003808
0.294118 0.222222 0.005210
0.411765 0.222222 0.005939
0.529412 0.222222 0.006082
0.647059 0.222222 0.005652
0.764706 0.222222 0.004602
0.882353 0.222222 0.002805
1.000000 0.222222 0.000000
0.000000 0.333333 0.000000
0.117647 0.333333 0.003515
0.235294 0.333333 0.005889
0.352941 0.333333 0.007315
0.470588 0.333333 0.007907
0.588235 0.333333 0.007711
0.705882 0.333333 0.006712
0.823529 0.333333 0.004832
0.941176 0.333333 0.001919
1.000000 0.333333 0.000000
0.000000 0.444444 0.000000
0.058824 0.444444 0.002165
0.176471 0.444444 0.005531
0.294118 0.444444 0.007757
0.411765 0.444444 0.008955
0.529412 0.444444 0.009192
0.647059 0.444444 0.008479
0.764706 0.444444 0.006779
0.882353 0.444444 0.003999
1.000000 0.444444 0.000000
0.000000 0.555556 0.000000
0.117647 0.555556 0.004328
0.235294 0.555556 0.007388
0.352941 0.555556 0.009283
0.470588 0.555556 0.010083
0.588235 0.555556 0.009817
0.705882 0.555556 0.008476
0.823529 0.555556 0.006010
0.941176 0.555556 0.002333
1.000000 0.555556 0.000000
0.000000 0.666667 0.000000
0.058824 0.666667 0.002446
0.176471 0.666667 0.006330
0.294118 0.666667 0.008960
0.411765 0.666667 0.010398
0.529412 0.666667 0.010684
0.647059 0.666667 0.009825
0.764706 0.666667 0.007797
0.882353 0.666667 0.004549
1.000000 0.666667 0.000000
0.000000 0.777778 0.000000
0.117647 0.777778 0.004689
0.235294 0.777778 0.008058
0.352941 0.777778 0.010170
0.470588 0.777778 0.011068
0.588235 0.777778 0.010769
0.705882 0.777778 0.009268
0.823529 0.777778 0.006534
0.941176 0.777778 0.002517
1.000000 0.777778 0.000000
0.000000 0.888889 0.000000
0.058824 0.888889 0.002556
0.176471 0.888889 0.006647
0.294118 0.888889 0.009439
0.411765 0.888889 0.010975
0.529412 0.888889 0.011281
0.647059 0.888889 0.010362
0.764706 0.888889 0.008202
0.882353 0.888889 0.004766
1.000000 0.888889 0.000000
0.000000 1.000000 0.000000
0.117647 1.000000 0.004791
0.235294 1.000000 0.008249
0.352941 1.000000 0.010424
0.470588 1.000000 0.011349
0.588235 1.000000 0.011041
0.705882 1.000000 0.009494
0.823529 1.000000 0.006683
0.941176 1.000000 0.002569
1.000000 1.000000 0.000000
