0.019608 0.037037
0.117647 0.037037
0.235294 0.037037
0.352941 0.037037
0.470588 0.037037
0.588235 0.037037
0.705882 0.037037
0.823529 0.037037
0.941176 0.037037
0.058824 0.074074
0.176471 0.074074
0.294118 0.074074
0.411765 0.074074
0.529412 0.074074
0.647059 0.074074
0.764706 0.074074
0.882353 0.074074
0.980392 0.074074
0.058824 0.148148
0.176471 0.148148
0.294118 0.148148
0.411765 0.148148
0.529412 0.148148
0.647059 0.148148
0.764706 0.148148
0.882353 0.148148
0.980392 0.148148
0.019608 0.185185
0.117647 0.185185
0.235294 0.185185
0.352941 0.185185
0.470588 0.185185
0.588235 0.185185
0.705882 0.185185
0.823529 0.185185
0.941176 0.185185
0.019608 0.259259
0.117647 0.259259
0.235294 0.259259
0.352941 0.259259
0.470588 0.259259
0.588235 0.259259
0.705882 0.259259
0.823529 0.259259
0.941176 0.259259
0.058824 0.296296
0.176471 0.296296
0.294118 0.296296
0.411765 0.296296
0.529412 0.296296
0.647059 0.296296
0.764706 0.296296
0.882353 0.296296
0.980392 0.296296
0.058824 0.370370
0.176471 0.370370
0.294118 0.370370
0.411765 0.370370
0.529412 0.370370
0.647059 0.370370
0.764706 0.370370
0.882353 0.370370
0.980392 0.370370
0.019608 0.407407
0.117647 0.407407
0.235294 0.407407
0.352941 0.407407
0.470588 0.407407
0.588235 0.407407
0.705882 0.407407
0.823529 0.407407
0.941176 0.407407
0.019608 0.481481
0.117647 0.481481
0.235294 0.481481
0.352941 0.481481
0.470588 0.481481
0.588235 0.481481
0.705882 0.481481
0.823529 0.481481
0.941176 0.481481
0.058824 0.518519
0.176471 0.518519
0.294118 0.518519
0.411765 0.518519
0.529412 0.518519
0.647059 0.518519
0.764706 0.518519
0.882353 0.518519
0.980392 0.518519
0.058824 0.592593
0.176471 0.592593
0.294118 0.592593
0.411765 0.592593
0.529412 0.592593
0.647059 0.592593
0.764706 0.592593
0.882353 0.592593
0.980392 0.592593
0.019608 0.629630
0.117647 0.629630
0.235294 0.629630
0.352941 0.629630
0.470588 0.629630
0.588235 0.629630
0.705882 0.629630
0.823529 0.629630
0.941176 0.629630
0.019608 0.703704
0.117647 0.703704
0.235294 0.703704
0.352941 0.703704
0.470588 0.703704
0.588235 0.703704
0.705882 0.703704
0.823529 0.703704
0.941176 0.703704
0.058824 0.740741
0.176471 0.740741
0.294118 0.740741
0.411765 0.740741
0.529412 0.740741
0.647059 0.740741
0.764706 0.740741
0.882353 0.740741
0.980392 0.740741
0.058824 0.814815
0.176471 0.814815
0.294118 0.814815
0.411765 0.814815
0.529412 0.814815
0.647059 0.814815
0.764706 0.814815
0.882353 0.814815
0.980392 0.814815
0.019608 0.851852
0.117647 0.851852
0.235294 0.851852
0.352941 0.851852
0.470588 0.851852
0.588235 0.851852
0.705882 0.851852
0.823529 0.851852
0.941176 0.851852
0.019608 0.925926
0.117647 0.925926
0.235294 0.925926
0.352941 0.925926
0.470588 0.925926
0.588235 0.925926
0.705882 0.925926
0.823529 0.925926
0.941176 0.925926
0.058824 0.962963
0.176471 0.962963
0.294118 0.962963
0.411765 0.962963
0.529412 0.962963
0.647059 0.962963
0.764706 0.962963
0.882353 0.962963
0.980392 0.962963
