0.000000 0.000000
0.058824 0.000000
0.176471 0.000000
0.294118 0.000000
0.411765 0.000000
0.529412 0.000000
0.647059 0.000000
0.764706 0.000000
0.882353 0.000000
1.000000 0.000000
0.000000 0.111111
0.117647 0.111111
0.235294 0.111111
0.352941 0.111111
0.470588 0.111111
0.588235 0.111111
0.705882 0.111111
0.823529 0.111111
0.941176 0.111111
1.000000 0.111111
0.000000 0.222222
0.058824 0.222222
0.176471 0.222222
0.294118 0.222222
0.411765 0.222222
0.529412 0.222222
0.647059 0.222222
0.764706 0.222222
0.882353 0.222222
1.000000 0.222222
0.000000 0.333333
0.117647 0.333333
0.235294 0.333333
0.352941 0.333333
0.470588 0.333333
0.588235 0.333333
0.705882 0.333333
0.823529 0.333333
0.941176 0.333333
1.000000 0.333333
0.000000 0.444444
0.058824 0.444444
0.176471 0.444444
0.294118 0.444444
0.411765 0.444444
0.529412 0.444444
0.647059 0.444444
0.764706 0.444444
0.882353 0.444444
1.000000 0.444444
0.000000 0.555556
0.117647 0.555556
0.235294 0.555556
0.352941 0.555556
0.470588 0.555556
0.588235 0.555556
0.705882 0.555556
0.823529 0.555556
0.941176 0.555556
1.000000 0.555556
0.000000 0.666667
0.058824 0.666667
0.176471 0.666667
0.294118 0.666667
0.411765 0.666667
0.529412 0.666667
0.647059 0.666667
0.764706 0.666667
0.882353 0.666667
1.000000 0.666667
0.000000 0.777778
0.117647 0.777778
0.235294 0.777778
0.352941 0.777778
0.470588 0.777778
0.588235 0.777778
0.705882 0.777778
0.823529 0.777778
0.941176 0.777778
1.000000 0.777778
0.000000 0.888889
0.058824 0.888889
0.176471 0.888889
0.294118 0.888889
0.411765 0.888889
0.529412 0.888889
0.647059 0.888889
0.764706 0.888889
0.882353 0.888889
1.000000 0.888889
0.000000 1.000000
0.117647 1.000000
0.235294 1.000000
0.352941 1.000000
0.470588 1.000000
0.588235 1.000000
0.705882 1.000000
0.823529 1.000000
0.941176 1.000000
1.000000 1.000000
